
256

0
1.13086e-10
5.65432e-11
0
0
0
0
0.00265068
0
5.65432e-11
5.65432e-11
0
0
0
0
0
0
0
-0.00265068
0
0
0
0
0
0
0
0
0
0
0
-1.28837
0
-5.83355
0.423375
0.997894
0.531746
-1.43213
-0.0540718
-6.79109
0
0
0
0
0
0
0
0
0
0
-9.71028
-0.46509
0
0
0
0
-2.82716e-11
0
2.82716e-11
0
0
0
0
-1.22735
-1.77636e-12
0.0121136
-0.00188691
-0.00236833
-0.000885836
0.00196423
0.000613867
-4.78691
0
0
-8.88178e-13
0
0
8.88178e-13
0
3.55271e-12
-1.77636e-12
0
-4.61361
-0.71028
3.55271e-12
0
0
1.77636e-12
-1.77636e-12
0
8.88178e-13
8.88178e-13
0
0
0
6.71912
7.93957
-1.54073
-1.99959
3.23817
0
0.797311
-7.02229
5.36912
0.119481
2.52706
-7.06856
-0.0487807
-1.47222
-1.29835
-2.49127
2.24242
-0.930519
0.152007
1.08567
1.29572
0.294104
-0.369927
0.223418
0.235015
0.524126
0.152007
-2.65204
1.10433
0
-1.48703
-0.109992
0.374919
-1.85744
-4.7283
0.0982805
-0.292719
-0.293045
0
-5.79976
0.618167
-7.67055
-0.7506
12.4585
3.19732
-7.95493
-222208
-0.139001
0.325206
-0.0064703
4.89083
0.00148775
2.26737
0.00403292
-0.395037
10.8276
0.354793
0.246993
-0.136452
1.17444
0.0280171
0.715165
0.0228371
-0.104192
0.902441
5.11658
0.232503
0.309907
-2.39274
-0.467406
-0.232503
2.77773
2.12488
9.46663
5.44368
1.10099
3.81099
0.0376464
0.722362
6.85805
-0.132992
0.75911
0.535669
1.36911
0.801159
0.411318
0.265154
1.06993
0.000621985
-4.28189
13.3855
0
-1.36705
1.36705
9.82232
-2.93589
4.60346
7.7233
13.827
20.038
16.6466
0.628068
-2.82586
-0.375524
0.522136
1.01102
0.117441
0.846718
4.05811
-4.1703
-3.47062
-0.818839
7.40587
-0.818839
-1.84147
1.84147
0.0076339
1.56767
-1.61307
-0.00994955
-2.85489
-0.00994955
-3.58699
-1.38777
0.161106
0.630003
0.438675
-0.0227858
0.501814
-0.0227858
-0.0854252
0.00898454
-1.29688
-4.46593
-2.60406
0.359461
0.352458
4.73877
-6.43799
0
-0.0257989
-0.965976
-0.331354
-0.0833923
-0.174423
-0.298323
0.329329
0.720657
1.30238
1.01185
-0.0526035
-0.544268
-0.792407
-0.544268
-0.303172
-0.00624673
-0.722569
-0.215396
-0.394667
0.014369
-0.377327
-20000.6


