
256

0
1.13086e-10
5.65432e-11
0
0
0
0
0.00265068
0
5.65432e-11
5.65432e-11
0
0
0
0
0
0
0
-0.00265068
0
0
0
0
0
0
0
0
0
0
0
-1.31969
0
-5.83355
0.423375
0.997894
0.531746
-1.43213
-724.632
-6.79109
0
0
0
0
0
0
0
0
0
0
-9.71028
-1.64128
0
0
0
0
-2.82716e-11
0
2.82716e-11
0
0
0
0
-1.34364
1.77636e-12
0.0121136
-0.00188691
-0.00236833
-0.000885836
0.00196423
8.41165
-4.78691
0
0
-8.88178e-13
0
0
8.88178e-13
0
3.55271e-12
-1.77636e-12
0
-4.61361
-2.50678
3.55271e-12
0
0
1.77636e-12
-1.77636e-12
0
8.88178e-13
8.88178e-13
0
1.77636e-12
0
57.0514
-3120.5
1223.06
38.7535
0
-132.339
-623.315
6669.86
55.7014
59.7365
-311.21
-94.2441
-12.4622
-7.88755
-8.20481
-22.3048
-2021.86
58.6865
75.4873
137.7
-59.7835
424.619
-75.846
-72.4073
-62.6332
-314.476
75.4873
-2.4564
1.25886
0
-1.4692
-0.0878563
0.403291
-1.81773
-4.67161
0.153503
-0.239521
-0.243369
-0.469186
-2.03006
0
-0.783941
-0.877788
25.0125
5.16603
4534.95
-222195
-0.168802
0.259487
-0.026815
5.06436
-0.0324489
4.12242
-0.15404
-1245.54
22.3133
0.0290634
0.197081
-0.565514
1.24355
-0.611097
1.02601
-0.872374
-351.326
1.67236
0.416051
-2928.33
9.74464
-3.43487
4.71609
-1.45612
1.45612
2.20036
-100.856
5.1732
0.729818
4.37515
0.0063501
0.707642
7.24965
0.0397929
88.6208
0.509056
0.907633
0.948084
0.0693811
-0.0450449
1.2864
-7.92755
-1.87616
1.87616
0
4518.55
-20.8767
11.1618
0.0941555
4.45236
9.45397
18.8558
-1216.17
25.0945
3.68828
0.090604
-3.54751
2.3391
4.23273
-348.001
3.7953
0.383707
-13.4683
4545.78
-15.6793
2.29103
-15.6793
-4.02463
-0.383707
0.00225923
-0.341719
-1245.46
-0.0356983
-5.64366
-0.0356983
-5.08787
-1.44543
0.0476793
0.271841
-350.387
-0.0817542
0.0649378
-0.0817542
-0.470344
-0.317944
-4.33084
-5.74906
0
0.713602
2.08135
6.37286
7.58617
-634.964
-0.00166979
1.66437
-0.307225
1.18654
-0.144105
0.40263
0.375898
1.15069
1.04962
-4.31859
0.173502
-0.035226
0.488367
-0.035226
0.773725
0.325188
0.21684
0.662009
0.449368
-0.564414
-14.1788
-19999.8


