
102

-0.040795
0
0.00425347
0.00931048
-0.00988636
4.40095e-08
0.0468404
1.39379e-07
0.377437
0.331761
-0.0311466
2.45021e-09
0.126368
-0.0883643
0.301336
0.0424437
-0.00343668
-0.00337285
0.0774813
-0.0030574
0.31296
0.692147
0.104892
0.0736656
0.00456984
-0.229702
-4.73221e-09
-0.218236
0.22809
-0.286622
-0.691703
-0.0768212
-0.0662328
-0.402003
-0.170785
-0.805001
-0.456708
-0.233792
-0.257071
-0.0130034
0.752739
3.93446e-09
0.277558
0.0755926
0.113954
1.18081e-07
-0.0695221
-0.227863
-1.57379e-07
1.55494e-08
3.8063e-07
0.0198507
0.113725
-0.0198507
-5.26512e-09
0.0538069
0.015102
-1.80744e-08
-1.37526e-08
-7.24043e-09
0.217658
0.000874332
0.00306437
2.59156e-10
0.00995164
0.516523
2.28764e-08
2.58685e-08
2.4879e-08
-0.372578
-0.87447
-0.403755
0.309272
-0.0427076
-1.04699e-07
-2.92611e-08
-2.83658e-08
0
-4.83248
-3.83227
0.0713231
-0.656081
0.159185
-0.241428
-2.68408e-08
-1.15916
-1.15129
-0.103425
0.248768
0.205049
-0.119743
-0.136919
-0.0176957
-0.0863154
1.52195e-08
-2.18837
0.0398573
0.244229
-1.38559
-0.137245
-0.785321
-0.678693


