
102

-1.25175
1666.49
-0.126818
0
0.0424996
-7.88778e-08
0.0850821
-1.77263e-07
0.387042
0.333945
-0.0687186
1.16479e-07
0.136745
-0.089203
0.255283
0.0335632
-0.022306
-0.0247333
0.0562871
499.979
0.306088
0.682077
0.102265
0.0735949
0.0045999
-0.21903
7.51399e-09
-0.203602
0.24378
-0.269967
-0.546975
-0.0468839
-0.0413633
-0.190095
-0.148331
-0.787324
-0.441734
-0.227935
-0.256825
-0.0130889
0.749794
-6.19619e-09
0.258946
0.0654042
0.105428
1.18081e-07
-0.0695221
-0.246572
-1.57379e-07
1.55494e-08
3.8063e-07
0.0198507
0.113725
-0.0198507
-5.26512e-09
0.0538069
0.0165666
-1.80744e-08
-1.37526e-08
-7.24043e-09
0.217658
0.000874332
0.00306437
2.59156e-10
0.00995164
0.517084
2.28764e-08
2.58685e-08
2.4879e-08
-0.372578
-0.87447
-0.403755
0.309272
-0.0427076
-1.04699e-07
1.55117e-07
-2.46198e-07
0
-4.82767
-3.85754
0.0713231
-0.656081
0.159185
-0.241428
-2.68408e-08
-1.15123
-1.14229
-0.103425
0.255607
0.210507
-0.119743
-0.136919
-0.0176957
-0.0863154
1.52195e-08
-2.1981
0.0250231
0.244229
-1.41169
-0.163831
-0.785321
-0.678693


