
116

0
0.989378
1.75236
-0.994791
-1.46399
0.00914786
-0.675253
-2.63362
-0.00834981
1.09073
-7.77841e-05
-0.147834
-1.04872
-0.936997
-6.55402
-0.221948
0
11.5257
1.54228
2.03148
2.43121
-4.48503
-0.00132117
-0.0326565
0.0418639
0.862108
-1.64479
1.7675
-0.758405
0.758405
1.23485
1.12444
2.04429
0.0302494
0.0382828
-0.946545
-0.816481
0.705524
0.1639
-0.1639
1.18251
1.12444
0.863414
1.34254
-2.4485
4.2556
0.626939
-0.626939
-0.606225
-2.04281
0.191694
1.39429
0.253765
2.59017
0.475316
1.30048
3.37438
-0.458647
-2.22029
0.458647
-2.04281
-0.104755
0.565041
-0.219751
-2.32117
-1.01962
-1.21822
0.0254764
0.0472317
0
-1.24101
1.13485
-0.408306
0.315041
0.689717
-0.0383164
1.60022
0.316693
0
-2.49608
0.282507
-0.0047548
-1.60623
-0.159414
1.71962
-0.0467648
-0.134853
0.134853
-1.60205
0.192561
0.671279
2.87291
1.39228
1.24073
-0.153041
0.261492
0.324321
7.08902
-0.957772
2.33606
0.957772
1.13469
2.63121
2.77291
0.0382472
0.488136
0.485508
-0.58542
0.236469
0.58542
0.634692
1.98148
0.321279
0.699753
0.832656
0.495041


