
116

0
1.46464
2.05451
-0.567725
-0.349983
0.00417263
-0.758127
-2.73491
499.561
1.18986
-3.54798e-05
-0.147734
-1.04837
-0.935252
-6.55404
0
-0.340998
9.64765
3.85899
4.15618
3.00831
493.514
-0.00330582
-0.0338361
0.0413054
0.87823
-1.64479
1.7675
-0.758405
0.758405
1.23485
1.12444
2.04429
0.0302494
0.0382828
-0.946545
-0.816481
0.705524
0.1639
-0.1639
1.18251
1.12444
0.863414
1.34254
-2.4485
4.2556
0.626939
-0.626939
-0.606225
-2.04281
0.191694
1.39429
0.253765
2.59017
0.475316
1.30048
3.37438
-0.458647
-2.22029
0.458647
-2.04281
-0.104755
0.565041
-0.219751
-2.32117
-1.01962
-1.21822
0.0254764
0.0472317
0
-1.24101
1.13485
-0.408306
0.315041
0.689717
-0.0383164
1.60022
0.316693
0
-2.49608
0.282507
-0.0047548
-1.60623
-0.159414
1.71962
-0.0467648
-0.134853
0.134853
-1.30652
0.520899
0.671279
2.87291
3.70899
1.33986
-0.153041
0.261492
0.326306
7.08904
-0.957772
1.45603
0.957772
1.13469
3.20831
2.77291
0.0382472
0.488695
0.485508
-0.58542
-0.0806228
0.58542
0.634692
4.10618
0.321279
0.699753
0.833836
0.495041


