
1899

0.240108
991.083
1.93493
0.238601
-4.60939e-06
4.60949e-06
0.221353
-1.35868
5.43507
3.59588
3.26855
2.00788
2.09809
1.94782
2.58493
0.545017
-3.38457
-0.0472496
-0.521174
0.223557
1.00799
-5.17037
-1.09149
-0.042149
-1.19109
0.994165
0.462403
0.132161
0.538638
-0.39725
-0.234279
0.30759
0.855452
1.95494
-0.649215
0.547366
1.93964
0.651894
0.0385108
1.35177
0.0554524
0.0349834
-4.24713
-4.04293
0.012387
1.53256
1.86265e-10
-1.39698e-10
-3.49854
0.694506
-4.71059
-2.92065
-0.705585
-0.927894
-0.238628
0.820439
3.58358
2.07814
1.28862
2.92212
0.488648
-1.17572
-0.124582
-0.160718
-0.000987625
3.93644
0.998842
0.396979
0.382595
0.968839
-1.0428
0.0907457
0.183712
-0.475516
-0.176741
-1.33895
-0.47852
-0.843896
-0.217603
-0.0113521
-0.224582
0.289282
-0.350988
-0.560783
-2.07111
0.170047
0.541026
2.00732
0.0764748
-0.309726
-0.152225
0.213069
0.00257116
-0.0921206
-0.0458347
-0.140615
0.535073
0.244069
1.39774
1.16398
-0.460783
-0.229953
0.441026
1.30732
-0.470273
1.13086e-10
1.27662
5.47853
5.95528
2.51787
-2.38047e-08
2.38419e-08
1.64748
2.66333
1.20082
0.932424
3.35733
3.14227
1.32545
1.25736
0.185856
0.763257
-2.4786
4.62566
4.13896
3.58449
0.312331
3.33746
7.32853
0.012514
-1.41358e-11
1.55802
1.29147
0.0045996
-1.89736
3.92916
1.87721
0.792211
1.79589
2.19549
0.776903
1.69533
2.20505
4.04611
3.43356
0.541268
1.31037
1.11784
2.31417
3.15097
3.3027
3.58755
1.40427
1.69147
0.874429
9.59233e-11
1.55942
1000.23
-0.012822
-0.330283
0.0407116
0.00834675
-0.0150755
0.298724
-0.418132
-0.21268
-0.432369
-1.00518
-0.59483
0.0314275
2.48971
-0.41311
0.110393
3.07812
2.05679
1.66643
-9.65921e-07
9.65921e-07
2.87297
2.23161
-1.11317
-0.173743
2.42613
2.44258
-1.55244
-0.864232
-0.968955
-0.00960795
-2.19425
-7.36797
0.0549794
0.0740442
-0.683325
-4.29423
-0.705387
-0.504129
-0.991036
-2.42453
-2.85991
-4.76728
-3.08486
-1.14128
-0.500043
0.668609
-0.880351
-0.157696
0.391679
-0.190704
-0.402973
1.26715
-0.393194
-0.305034
-0.467744
-0.287547
-1.46994
0.529521
0.4789
0.327223
-0.698448
1.67138
4.62393
-3.05348
-6.79984
-7.43388
-2.96832
-7.60415e-06
7.60416e-06
-6.46725
1.86265e-10
-4.96187
-2.39387
-1.69996
-1.05348
-0.00711263
1.96913
-0.612091
4.29236
3.0655
-0.0076055
1.50444
1.13621
1.86118
6.25973
0.226682
4.10486
3.96614
-0.862091
-0.651285
-0.872801
-1.49118
-0.905139
0.301306
-0.840635
-0.794679
-2.37484
-0.635538
-1.29118
1.70443
-3.56372
-3.76278
-1.68574
-0.752152
-1.65377
0.923258
0
2.34031
0.0957023
-2.58988
-3.84078
1.65952
3.64719
18.9817
-8.41001
4.06726
3.7722
-6.95026
-0.00743543
-5.49021
-3.35968
-2.03551
0.340061
2.80666
-1.71732
-3.2636
-1.00214
-2.32402
-2.2486
-1.59661
-0.247578
0.0908077
-6.65602
-0.122812
-10.5136
-0.0701894
0.0597123
5.47688
-0.939892
0.378546
0.00170468
-0.272307
-0.932919
0.593525
-0.831284
-0.379685
-0.40149
-0.781105
0.0426404
0.335488
0.0588684
-0.0628167
3.07271
3.62991
0.484574
-5.53461
0.00809446
-7.50916e-06
7.50911e-06
-7.56119
-3.69176
-2.24373
7.8161
8.89755
6.6235
3.97991
0.0018618
-14.5692
-16.2768
-7.59829
-3.44286
-6.95676
-4.44179
-5.76862
4.24863
-3.85741
-10.2997
-13.4445
-11.813
-14.1692
0.215368
-2.23712
-0.527623
-1.15276
-1.09196
-0.444054
-3.59369
-8.51061
-3.92319
-0.0226588
0.366514
1.6963e-10
-2.87029
0
0
0
0.383743
2.26173e-10
-5.87337
0.904074
0.521834
-0.235514
-0.158887
6.90648
8.6576
2.62937
2.19846
4.3823
3.71466
-0.00113081
-5.24687
-7.04977
-6.53864
-0.0286981
-0.171457
-1.16521
-1.0782
-2.70309
-5.69096
-4.87207
-9.74698
-10.4711
-6.51059
0.107596
-0.484852
17.8435
-1.19973
12.4417
12.2148
9.22492
7.45982
-0.165194
0.309784
1.32214
0.568457
0.0440156
0.580866
-0.161255
-1.11074
-0.0205965
0.0446221
1.97303
1.88287
-0.0423866
0.304169
1.3611
-1.82416
0.998168
1.94414
-0.374934
-0.525
2.27405
-1.28155e-06
-0.2198
1.28158e-06
-0.538889
-0.381884
1.74399
1.54575
-4.82331
-8.29397
-5.65432e-11
6.21975e-10
-3.24186
-2.43439
0.2855
-1.41358e-10
1.39762
1.44016
0.525
0.0041678
-10.4322
-13.2997
-12.696
-17.2138
0.0859294
-2.29715
-4.55357
-7.57954
-13.1527
-11.5731
-10.8514
-12.3305
-0.378995
-17.5833
1.40344
0.82476
-0.498032
-0.437293
-4.58779
-0.620842
-2.29829
-0.103395
-18.1638
0.737659
0.36307
-0.336928
-1.06677
-0.269219
-0.387234
-0.983591
-0.507071
0.700578
0.337397
0.341891
0.672329
-0.602367
-0.558464
0.442598
0.499741
1.48043
0.478081
-1.06677
-1.6486
-1.16761
-1.36514
-2.8575
-5.81361
0.354444
-2.46397
-0.605525
-3.04797
7.23448
6.1233
3.91236
4.09241
-6.42981
-2.66217
-1.34423
3.54204
4.65661e-11
3.33193
1.71738
0.819875
0.317698
1.28762
0.0105403
-5.69876
-8.90748
4.95628
0.128745
-4.0656
11.167
-5.89352
-10.7821
3.29511
-5.40193
5.40658
4.86147
8.15304
4.77367
-0.218417
6.60356
-0.286436
5.6891
19.0922
19.1838
0.112041
13.5644
12.7652
11.1131
5.45628
2.21345
0.0755087
-0.650046
-0.59211
0.545609
-2.04132
-0.933331
-0.796219
0.195377
0.178985
0.0919545
0.534214
0.266244
-1.15747
-0.531608
0.149954
-1.40445
2.11023
0.125
2.32831e-10
-9.31323e-11
-1.8155
-3.25963e-10
4.04561
4.29381
9.31323e-11
-1.39698e-10
4.65661e-11
4.5893
1.11759e-09
4.19095e-10
0
-1.86265e-10
-1.86265e-10
2.32831e-10
-0.125
0.00535532
-12.7364
-27.9165
-5.05911
-1.41358e-11
-11.434
-47.7369
-9.34376
-9.19956
-16.3592
-13.1452
-27.0365
-19.7909
-5.65432e-11
-2.82716e-11
-37.7614
-1.41358e-11
-4.24074e-11
2.82716e-11
-28.6665
1.39148
-0.650613
-0.259415
0.577024
1.77636e-11
-1.31606
-0.921887
-0.410003
0.638577
-1.06585
-0.0836945
3.01981e-11
1.77636e-11
-0.773035
1.24345e-11
6.03961e-11
-6.21725e-11
-0.859415
-0.414896
-2.24858
2.40043
-0.618001
-0.230098
0.230098
1.54688
2.59557
-0.340323
-0.625626
1.71003
2.97005
-0.378297
2.55142
0.00362389
-14.6859
-1.84175
8.36335
-13.5307
-24.8387
-9.21892
-5.63724
5.21907
6.17011
-21.0564
6.61228
12.1985
9.72303
-14.3859
1.12418
0.433839
-0.117505
0.669294
-1.429
-0.270342
0.169853
0.789151
1.64165
0.233839
-5.24081
0.180832
-3.48945
-0.551164
-1.27074e-05
1.27074e-05
0.497607
0.327128
-0.129155
-2.80249
-0.534466
-1.64115
-1.31514
-1.3153
0.00815255
3.82854
0.389388
-0.167228
0.493732
0.34443
1.24637
3.21421
2.56216
0
0.585036
3.80128
5.2309
3.19279
3.75922
3.32802
-1.63464
-0.456449
0.38772
1.63317
-1.07442
0.890916
-1.33032
-1.67853
-0.716197
-1.25314
-1.98206
-0.861067
1.37201
-3.733
-2.26173e-10
3.25963e-10
-1.82348
-1.73115
0.111086
-2.82716e-10
1.0786
-0.472481
-3.70235
-3.92562
-3.00283
-3.51609
0.564049
2.19224
-1.43314
-0.71206
2.2925
0.0991444
-4.40026
-7.04214
0.742432
0
0.514574
-4.74321
-4.36494
-9.74601
-7.53436
-2.4373
-0.142916
-0.587902
-0.339063
0.530796
0.521184
-0.327843
0.242104
-0.00749683
-0.000855563
-0.388217
1.28566
1.1129
-1.77636e-12
0.525489
0.545482
1.2171
0.107448
0.637009
0.451509
-1.18822
0.985661
0.695227
1.13331
-0.161635
0.436608
0.32455
0.840802
-1.76121e-06
1.76118e-06
-0.255249
-0.278762
-0.0280076
-5.65432e-11
-0.0608656
1.73996
5.46063
7.42936
0.501137
0.350789
2.7455
9.67114
2.69866
1.84866
2.01368
0.682533
1.12888
0.133199
-0.684773
0.00331104
0.00299477
0.232851
-2.95159
-4.30465
0.861052
2.29178
-4.31284
1.13737
-3.03931
-2.40945
-4.07686
-3.36393
-0.963594
-0.221047
-1.30377
0.416554
0.646947
0.189897
-0.344157
-0.438007
3.21137
2.76137
3.67923
4.45004
2.36539
2.96582
0.802995
-0.0671492
0.213614
0.0926871
-0.907078
-0.387425
-0.220427
1.04403
0.661316
0.403728
-0.237384
-0.112043
0.301192
0.482149
0.213614
-0.107313
-1.41289
0.029582
-3.4417
-0.304567
2.78207
2.99391
-2.26173e-09
-3.21807
2.23517e-09
-2.23243
-5.91825
-5.30572
-13.1828
-10.4967
0.00396134
-1.07256
-0.839977
-0.983329
3.05788
3.37154
-4.20764
-2.16183
-0.461232
-1.34404
-1.90965
-1.90662
-3.53415
-4.45377
0.375227
-0.00572913
0.983765
-0.100033
-0.0237333
1.7175
2.42492
1.11527
-0.128011
0.0961712
-0.0486748
1.62267
-1.02157e-06
-1.21425
1.02147e-06
-1.76425
-0.828696
-4.18472
-0.553129
1.15675
0.284694
1.21887
0.525325
-1.36508
0.775273
0.000572418
-0.685682
-2.88251
-3.08662
1.0371
0.632596
-5.56132
-3.02
0.0251114
-3.32
-0.990753
0.439069
-0.198836
2.17583
0.836657
0
0.217597
0.650572
-1.73568
0.0542493
0.501753
-0.0654018
-0.436147
1.06483
-0.30518
0.564829
0.55897
0.231977
-0.0457507
0.301753
-4.48152
-5.51619
3.99551
-0.982028
-4.96358
-6.56373
-7.20181
-5.57912e-07
4.85578
5.57909e-07
3.46995
8.66703
6.8249
4.27892
10.868
-1.16353
-0.663768
-6.56052
-4.05808
-0.764648
-2.76671
-3.71404
-4.44491
1.26848
-0.966193
0.00225537
-0.567682
-2.39282
2.26289
1.04997
0.138306
0.630052
-3.56492
-2.6498
-1.39791
-3.88369
-1.84093
-0.579251
3.00726
-0.533013
5.08545
3.10553
-0.836588
0.51987
0.438236
1.09939
-0.0666868
-0.0929657
0.00225537
-1.81768
0.276754
-0.459358
-2.38228
-1.52814
-0.393313
-0.351788
-0.304831
-2.16707
-1.75048
-1.83452
-1.79987
-0.569213
-0.987432
0.0767542
-0.659358
0.188524
0.0344352
1.39176
1.19274
0.113416
0.233232
-2.16237
-3.0656e-06
3.06559e-06
-0.714131
0.27441
0.340157
-5.65432e-11
2.85911
2.3709
0.0504555
0.268701
0.598012
8.19876e-10
-0.714896
-3.72154
-1.17282
-0.283711
-0.00147635
-0.00216491
-1.1261
0.593197
-0.264029
-0.922104
0.0189098
6.00311
-2.01447
-3.51108
0.951637
-1.03052
1.00965
1.16787
-2.05467
-1.82832
-2.68551
-0.0721059
0.119315
-0.0579459
8.04226
7.20365
6.9236
6.63861
1.39784
-0.332357
0.159972
-0.306484
0.0668321
-0.0264743
-0.702747
-0.740916
-0.354484
-0.015442
0.0386794
-0.0995799
0.0607265
-0.0323569
-0.172642
-0.854103
0.333505
-1.67168
-0.23177
-0.0341656
0.130825
0.709228
-6.87565e-08
-0.450625
6.8685e-08
-2.18674
-2.65099
-0.583755
0.423294
0.0184368
-0.00208696
-1.616
-0.0201345
-1.61711
-1.89268
-0.783685
-0.901855
1.15736
0.325897
0.000784067
-3.2778
-4.98164
-7.66112
-10.0309
-0.23819
3.23533
-7.05632
-3.26866
-6.29239
-8.54919
-9.01261
-8.30721
-15.0171
-12.8545
0.257197
-0.0180094
0.272059
0.265156
3.78703
-0.0379742
3.3265
3.25939
-0.449216
-2.4778
0.146491
-0.288623
0.250373
-0.146129
-0.257395
-0.0508208
-0.0925165
0.0104513
-0.218835
-0.273293
0.0838943
-0.153509
0.511377
-0.232246
-0.0383774
-1.05463
0.00150547
-0.180985
-0.904376
-2.08683
-1.78688e-06
-2.33683
1.78685e-06
-2.62366
-1.82566
0.162728
-2.87819
-0.852922
0.144476
0.0968151
-0.28635
-0.0699702
-1.78569
-2.01686
-1.60134
-2.2529
-1.81625
-1.52078
-1.18225
-0.638377
-0.0015241
-4.04153
-8.07377
-4.39993
0.180413
-7.50306
-5.37686
-3.9604
-9.58032
-20.1591
-8.19993
-3.47773
-4.83
-5.67706
-4.78967
-0.164132
-8.91596
-0.114607
-0.106756
-11.1449
-0.331694
-0.153945
-6.63369
-5.56287
-6.39097
-0.0515241
-4.69153
-0.322758
-0.845524
0.076351
-0.191182
-0.344336
-0.706528
1.05987
0.693168
0.137049
0.0588225
-0.131066
0.101302
0.117907
0.837198
0.72326
0.177242
-0.645524
0.419755
1.826
0.129786
-0.429166
-1.03238
0
-0.827528
-0.198777
0
-0.918301
-0.0267851
-0.256699
0.713548
0.287517
0.80766
5.23915
-5.65432e-10
0.0325675
0.352611
0.187004
-0.360245
1.446
0.000564321
-2.86977
9.53119
-0.293562
-0.185715
-11.722
5.38681
4.87498
-1.08397
9.35886
5.77788
13.8184
13.3013
-0.320757
18.0369
17.1564
-0.205152
-0.29364
-0.355629
3.38966
1.05056
-2.46977
0.152814
-0.748126
0.383489
0.465299
-0.23901
0.19871
0.8766
1.43963
0.160382
1.13887
0.817945
0.199835
0.535341
0.736648
0.652814
-0.848126
2.37482
1.68213
0.0218562
1.07416
1.20581
-0.65704
-0.334668
-0.463235
0.698618
2.75784
-3.95802e-10
1.1291
-0.0958945
1.01693e-05
-1.01693e-05
2.57213
0.414823
0.00231334
-10.3999
-6.69764
-24.3896
-34.2098
-8.82259
-9.21796
-22.6008
-12.1906
-22.316
-32.5435
-57.7893
-48.0717
-26.9744
-4.1232
-10.7999
0.952313
0.712346
-1.8734
-0.24556
-0.663
0.875506
0.470107
-1.13852
-0.990544
-1.52406
0.723727
1.21235
-5.54463
-0.205449
-0.474725
-2.92433
-3.12484e-05
-1.61804
3.12484e-05
-1.76259
1.3399
0.119562
0.0240067
5.24338
0.4315
0.499225
0.295417
-0.459071
-1.24235
0.560314
0.377176
0.934961
-0.00745479
1.4328
1.78742
0.00422621
-0.212454
-0.440414
-2.00105
-1.57064
-0.315183
-0.000774614
-0.0185002
-0.630046
1.60794
-0.181092
-0.687771
-1.68758
-1.2387
1.38037
0.89534
-0.579233
-1.13891
-0.00404566
0.252653
-0.630046
1.33572
2.68943
-0.474837
-3.01037
0.151025
4.65661e-11
-1.39698e-10
-0.0262349
-4.81965
-1.63293
-9.71197
-4.37821
-7.91624e-10
-9.31323e-11
-5.22328
-4.35443
-1.12277
-1.03676
9.31323e-11
0.0597734
1.90943
-1.39428
-0.0117596
0.0865953
-0.651874
-1.72816
-0.457186
-0.931885
-0.127509
2.21977
-1.31568
2.25821
2.1232
3.06442
0.685663
-1.13404
-1.25896
-1.74578
-1.40636
-3.1202
-4.8026
-3.05799
-2.57808
0.0865953
-0.16176
-0.639867
2.27807
1.56114
2.13479
1.39027
-0.0200476
0.206075
2.54425
1.6218
1.28234
0.722271
0.0279193
0.51837
0.872053
1.77254
1.75356
1.67807
-0.639867
1.60573
2.11189
2.08186
1.77221
6.99527
3.25963e-10
-0.0890686
-8.02727e-06
-1.39158
8.0273e-06
1.44197
-0.686614
0.50961
0.0210494
0.0277395
2.5145
3.80276
5.99244
4.74609
0.152885
0.0841018
5.58794e-10
0.257865
-1.344
-1.59076
-2.78335
-2.06907
0.01666
0.10117
0.885362
2.02035
2.82931
0.15707
5.80273
2.02676
4.35782
2.39879
-0.865642
2.40053
1.98543
3.85819
2.55377
2.62593
2.56086
5.44843
3.77777
0.18317
0.0290574
-0.746501
0.168531
11.4941
10.1387
9.68707
8.9603
-1.24883
1.16666
1.22851
0.333772
0.0784375
-0.410887
0.687524
0.326721
0.570451
-0.887061
0.908098
0.64013
-0.0661243
-0.0168094
0.628468
-0.178923
-0.366228
1.12851
1.49297
-0.380401
7.45058e-10
0.0591031
0.180435
-2.53919e-06
-3.02912
2.5392e-06
-0.253038
0.441756
-0.173226
-2.03889
-1.43945
4.39427
-0.243892
-2.28174e-09
-7.91624e-10
2.96725
2.29317
0
-1.39698e-10
-4.77512
-4.60275
-0.91917
1.37297
0.001156
-2.05089
-7.88856
-15.9531
0.00694878
-4.61459
-3.71696
-2.29203
-0.700525
-4.80114
-5.65234
-5.37165
-10.4102
-10.7725
-21.651
-17.3291
-0.919882
-0.760169
1.47102
1.23125
-6.01124
-4.45375
-4.64343
-5.26193
-2.85089
0.151156
0.111025
0.154759
-0.0321292
-0.0224854
0.431696
-0.587599
0.46352
-1.01118
-0.818844
-0.377526
0.342343
0.44738
-1.41007
-1.44216
0.954759
0.311025
-0.0557773
3.5473
8.24349
1.59707
0
0.739424
-3.27494
-4.37016
-8.2139
-3.70941
-3.94692
11.0487
2.80027
-8.59704
-10.6904
-7.52615
-6.64183
1.5875
1.54639
1.22253
1.83748
-0.0186108
-1.10076
-2.98489
9.08751
-0.416016
1.35824
0.920027
-0.0317516
0.322831
2.62244
-2.44897
-2.33191
-2.27016
8.36113
8.0092
14.4855
12.4819
1.76846
2.40837
0.269571
-0.246374
2.69305
-0.60669
1.62099
1.42513
-1.40076
0.531389
-2.2843
2.61342
-0.350115
0.620684
-1.65949
-2.24284
2.78001
2.21834
-0.731589
-0.435308
-0.672769
-1.45494
-0.24249
0.277088
1.5186
2.71342
-2.4843
-0.971067
1.47382
-2.44812
-3.09398
4.65661e-10
3.25963e-10
7.93515
-7.82043e-06
-4.03769
7.82046e-06
2.4427
-6.52193
-6.95633
5.65432e-11
-2.82716e-10
-7.35062e-10
-1.13086e-10
1.21072e-09
3.25963e-10
-6.51926e-10
-2.32831e-10
9.31323e-11
-9.31323e-11
-1.16994
-0.00142443
-1.80547
3.78088
-3.39774
-1.49295
-0.720887
10.2084
-0.042739
2.22961
0.0594578
-2.57483
4.84591
3.72625
-3.31884
-2.66545
-5.29581
-4.01677
0
-4.15213
-1.76834
-1.4638
9.6139
10.1817
8.87761
8.08991
-2.30547
0.748576
-0.225426
0.514773
1.58772
1.53833
1.02522
1.03234
0.0568278
1.04739
0.186232
1.65751
1.51087
-4.44089e-12
-0.0920271
1.46883
1.5414
-0.385227
-0.125426
0.603912
5.41741
5.67247
-3.6704
-2.81803
-4.07455
1.33151
0
-5.0285
0.00819195
-4.9082
-10.0104
-11.524
-15.1873
-0.662036
0.0654635
-0.912175
-6.27537
-12.295
-9.92866
-10.0115
-11.87
-13.8296
-20.4168
-18.2769
-2.58056
-2.78991
0.630863
0.691565
1.55364
-1.90678
2.01814
0.344148
0.699997
-0.188192
3.09867
1.83155
-2.94386
-3.32364
2.08704
1.33459
0.94739
1.63969
-0.5085
-0.713991
-1.59167
-1.551
1.80146
1.6963e-10
3.39259e-10
-0.161564
0.257641
-1.0452e-06
3.46764
1.04527e-06
2.0576
3.81163
1.23809
3.10653
1.42785
0.118998
2.27833
-0.00242975
-3.17156
-1.66219
-0.0270018
-0.402603
16.7461
10.0404
-1.54851
-1.94102
-0.40907
-3.66938
22.3349
22.7053
15.7779
15.1979
-2.52156
1.24757
-0.45997
-0.517682
-0.0332307
-0.97519
0.255712
1.13562
0.284686
-0.380632
0.32479
-0.461725
-0.617682
-0.35997
-0.568486
0.844934
-0.497621
-0.827756
-2.53641e-06
0.00509672
2.5365e-06
-0.138376
4.4087
4.93318
1.6963e-10
-5.65432e-11
1.04936
-9.61234e-10
-0.164009
-0.216369
-1.58536
0.564908
1.53754
1.20328
0.167538
0.873223
0.0344631
-0.367742
0.00155702
0.00838406
0.00144101
-6.13512
-15.5742
-9.50389
-14.9423
0.291603
-0.0692463
-2.68766
-3.64666
-16.1113
-30.1569
-15.942
-15.9867
-11.0526
-10.3152
-17.7384
-14.9452
0.70914
1.74365
-0.810423
-0.256886
0.613733
0.819401
0.272204
0.837408
3.46082
1.41545
-7.18512
-0.848559
0.334511
-1.07304
-0.410134
-0.325967
0.542153
0.259856
-0.302832
0.0402748
-0.960293
-0.320693
-1.48071
-0.250496
-0.985979
0.661241
0.263123
-1.17304
-0.0654885
-0.308746
1.01068
-1.85569
1.08015
2.47333
0
-0.56478
-1.38199
-5.65432e-11
2.08269
-1.79621
0.325397
-2.29947
-2.38515
-1.71514
-0.483528
-0.0706564
-2.96286
0.269847
2.60947
-0.496582
1.02398
0.00101372
-9.29038
-8.88938
-1.26769
-2.91629
-33.1385
-44.9166
-8.04726
-3.05751
-5.05534
-6.64131
0.173043
-4.46624
-2.88174
-2.08858
-0.398172
-0.0091134
-0.266007
4.88805
-0.446522
-0.691499
-5.1313
0.280868
-1.89723
1.58
0.626744
-0.691035
-0.17172
1.32804
0.686915
0.541731
1.049
0.979901
0.282001
0.00628588
0.247704
0.89762
-5.60858
-6.10035
1.20258
0.573812
0.463904
2.84946e-05
0.456139
3.14817
-2.84945e-05
-3.37439
2.82294
4.30767
3.08071
10.8362
4.06819
-0.103088
-0.429614
0.592923
-3.26858
0.0021697
-12.8587
-7.59217
-3.60095
-6.52751
-21.4537
-30.2835
-2.84737
-4.33709
-5.12923
-2.66205
-2.74261
-2.88418
-5.03115
-2.58648
5.15174
-2.08307
-2.11617
0.25217
-12.7087
0.681519
-2.76951
-1.49833
-2.47514
-2.0867
-1.98125
1.25247
-0.0220333
-1.29202
-2.04583
-2.06343
-1.92266
0.648632
0.581519
-1.56951


