
708

4.31707
-0.624088
-1.54422
0
-1.28148
-1.28786
-8.36825
-0.892275
0
-2.32737
-1.081
-0.188581
-0.14772
8.81115
-0.194504
0.65401
0
9.80082e-10
1.13086e-10
9.43184
3.76955e-11
-1.34402
1.23481
-1.09782
-8.65665
-0.000384405
0.674138
-0.560579
0
-1.72669
0
3.77793
-2.13395
-2.04695
-0.303075
-0.00362169
-0.0524139
0.112512
0.135513
0
2.8161
-1.76064
-1.0857
0
-0.507628
2.17309e-10
-2.07558
2.26173e-10
7.53909e-11
-0.120699
-19.5998
-5.5561
0.132167
-0.304785
-0.910022
1.20649
-5.79441
-1.4806e-05
-0.334317
2.56863
-2.12301
0.92195
0.173151
1.19422
0.987307
4.35009e-06
-0.864149
2.98331
-3.1533
-2.21061
0.105109
0
0
0
2.04335
-0.0628762
-18.0748
-7.76606
-2.09142
0.0226607
0
0
-1.1114
-1.34477
-0.150457
1.64154
0.968086
1.11514
0.59802
0
-0.925224
15.3541
-2.28553
-0.00856528
-6.20834
-6.94129
0.202727
0.0994155
-0.821339
-0.806711
2.70851
1.79144
0.665485
0.675353
-0.112413
-1.32793
-2.07371
-0.102507
16.7417
-2.83167
58.9327
13.5683
-1.40587
-2.69387
5.27736e-10
0.666667
3.76955e-11
0.0683382
0
2.26173e-10
37.7642
1.19988
-0.666667
-0.00418244
-7.55224
-10.4074
-16.8669
-6.98129
-3.11232
-1.93006
39.8504
-4.55381
-8.25722
-3.989
-9.42387e-12
-5.61271
0
-12.5907
9.42387e-12
0
-5.34252
-3.84605
-0.50227
2.37006
2.34266
1.12588
1.01101
-0.377101
0.49708
1.89797
0.797969
0
-2.82645
-7.50546
0.887553
2.93123
7.73897
0
0
1.88477e-11
1.6963e-10
-8.83351
0
-5.46584e-10
-1.50782e-10
1.05547e-09
-3.09103e-09
3.39259e-10
-4.1465e-10
-1.05547e-09
-3.01564e-10
3.01564e-10
-1.50782e-10
11.2302
1.08646
0.102008
2.20294
2.75778
-0.0591119
0.219086
1.06642
2.12382
17.1921
4.53857
26.1116
-1.88477e-10
36.6469
16.6933
0
8.84824
0
-9.42387e-12
0
0
9.42387e-12
-4.90012
0
-0.76812
1.24292
-0.00742727
-2.99753
-0.25811
3.4568
-0.00458822
8.70415e-11
-1.32781
3.53084e-07
3.63352
7.63222
18.1818
-1.54925
0.82371
-3.53112e-07
-0.298508
0.00137946
-7.54451
-9.16085
-11.44
-9.31812
-7.29688
-0.43204
-3.92772
-7.91973
-12.9115
0.225907
0.765114
0.0295858
-1.72803
0.434932
3.46157
0.226653
-0.414017
47.2302
59.792
19.6975
-6.31754
1.33952e-05
-1.33952e-05
-5.65432e-11
41.3398
1.88477e-11
-1.6963e-10
0.00306672
-2.91401
-5.26708
-10.9484
1.6845
-12.4256
-4.2026
-58.7296
-5.36564
-66.7781
-31.0253
0.912314
1.16016
6.36301
8.99691
14.1056
1.06639
0
-29.3229
-69.5301
-51.6146
-0.719406
7.93277
-0.846633
-1.31934e-10
2.07325e-10
-3.01564e-10
7.91605e-10
-5.30365
0.956047
-0.539285
2.06322
1.92433
0.0260602
2.30917
2.06215
-9.24196
4.13811
-8.87753
0.142427
-3.57563
-3.3399
-9.83958
-5.7547
4.76897
-9.35296
0
0
-2.64945
7.1276
4.64803
5.18063
-1.40819
2.09236
6.78627
-7.99602
1.83883
2.81688
1.13086e-09
-25.9647
-20.2246
0
-0.521975
1.89028
-2.05107
1.32598
-3.60134
0
-5.14986
-3.76955e-11
-1.08117
-5.34986
-22.7746
0.967344
10.5564
-26.9248
-1.03637
5.4684
-1.49957
9.262
2.98085
0
-2.4055
0
5.12843
-2.37217
11.8064
12.6752
10.2974
3.05087
0.0728206
-13.8394
0.915553
0.515553
3.55087
-8.48148e-11
-0.351572
0
0
-0.343312
1.38273
5.65432e-11
2.34349
-7.16214e-10
1.28165e-09
0.0382732
3.24818
-22.7502
1.59383
2.48797
4.41832
-4.7841
1.4913
1.55011
-24.4002
8.50505
-0.0422837
-1.89431
-11.8779
-0.311855
-0.15
1.06671
0.151107
-0.746808
4.65661e-10
1.00074
0
0.706868
-1.91723
-1.45985
0
-1.03329
-0.162202
-0.302616
-3.0494
0.22886
-7.71463
-5.72191
0
-3.10305
0
-1.58224
-2.1122
-1.55262
-0.303411
-0.461662
0.275651
2.01281
0.391918
0.904712
0.396589
0.538338
-4.28506
0
1.96316
-1.12956
1.27625
-3.01875
-2.89871
-1.39698e-10
-5.53122
6.11111
2.48665
0.62485
1.262
-0.0652853
0.1
-3.58506
0.0225255
0.137976
-2.94724
0.980469
0.166118
-0.84486
0.633501
12.1895
3.17902
4.08633
-2.29762
0
0
-0.0568288
-0.412024
0.972526
0.383069
-0.3528
0.193088
0.118317
1.52294
-0.638441
0.522769
0.1472
0.683069
0
-1.6135
-1.9
0.155169
-1.32911
-1.43875
-4.90281
-1.61171
0.586501
1.34326
-2.37523
-5.24633
-1.62653
-2.26143
-7.91605e-10
0.505236
2.26173e-10
-4.3194
-5.53381
-3.82154
-3.45889
-0.2807
-0.411937
-1.13429
-0.195342
-0.562824
-0.361873
-1.97911
-0.00194791
-1.30978
-0.401948
-2.24689
-2.51877
-5.07862
-0.0470569
0.538983
-0.559782
0.316831
-2.67441
-6.06775
-1.39396
-3.38001
0
-5.9496
1.41358e-11
-1.702
0
0
0
0.35396
0
0
0
0
1.42338
-1.96877
-0.15428
0.163566
0.0457204
0.866832
-0.139332
-0.236434
1.26754
0.435917
0.035
0.385
-0.385
-0.035
3.12122
4.9563
0.886207
1.26962
0.323116
-0.580837
0.405808
0.816837
-1.39698e-10
-1.41696
4.65661e-10
2.23977
13.2647
5.14658
7.55953
0.138594
2.63146
3.56712
1.57815
3.44056
1.13086e-10
3.11079
1.3795
4.51962
-0.0011232
0.250907
-0.199093
0.648877
-0.208998
1.43084
0.147192
0.165481
0.0817619
2.72443
-1.55694
0.479941
0.169095
-3.1354
-0.33009
0.308928
3.41764
-1.26861
-5.77161
-1.97532
-2.74684
-8.11542
1.6662
-3.02842
0
0
0
2.68933
-1.58452
-0.216025
0.0843529
-0.115647
0.183975
0.28753
0.288497
0.723736
1.25621
-0.0898462
0.206053
1.32374
0.00764681
0
-0.34
-0.282353
-0.951413
-0.868002
-3.35667
-2.08311
-1.66915
1.39047
3.70932
-3.85558
-0.926677
-1.01104
-2.44911
-1.38249
-3.15308
2.32831e-10
-4.00093
-1.6963e-10
-4.40478
-1.60155
-1.70144
0.471693
-2.05357
-1.46803
-1.2728
-3.53311
-0.000445851
-0.459722
-1.30972
0.849554
-3.58934
-4.2346
-3.86597
-7.95756
-11.8331
0.00261261
-4.98458
-6.65212
-5.05408
-5.83251
-7.19254
-3.55054
-6.61044
-12.5074
-9.53392
2.36793
-2.98673
0
0
0
-4.46389
-3.34162
-3.74975
-8.00756
-0.186177
-0.128651
-0.428651
0.0138235
-0.091352
0.0775226
0.0273232
0.623829
0.408648
0.265
-0.035
0.035
-0.265
0.454277
1.96618
4.31115
0
0
0.351055
4.06854
3.00437
-2.26173e-10
-4.47249
5.65432e-11
0.461973
0.635247
4.01115
1.0449
-0.0232104
-1.97321
0.794895
-3.34791
-5.27378
4.0202
-11.4636
-0.842952
-3.11699
-9.37309
1.49034
-1.41358e-11
-7.35675
0
1.86764
-1.14799
2.9202
-0.566996
-0.0669957
1.95794
0.645536
0.859708
0.045536
-0.00870584
0.58934
-0.40066
-0.198706
-1.74606
-1.4826
0.00870584
-0.903952
-1.09268
-2.32831e-10
4.29531
1.30049e-09
-2.82716e-09
0.958706
-0.0029118
-3.86932
-3.61932
0.997088
-3.61333
0.0156638
-9.83599
-0.481339
0.287128
2.56921
-4.67537
6.65002
-0.721835
-9.33599
-1.29686
-0.971075
-0.871075
-0.896864
0.243214
0.0891782


