
165

0.831304
1.19439
1.28639
0.0521062
-0.220725
-0.112633
-0.738184
-0.106853
-0.709093
-0.00459847
-0.845701
-0.393142
0.334219
-0.575355
-1.9102
-0.178674
0.0127834
-0.603862
-1.13595
-3.77365
-1.83312
0.816607
-0.662467
-0.233194
0.178674
1.33941
0.823625
0.41172
0.253687
0.0716056
0.187588
0.033962
-0.195934
0.118236
0.216988
0.041074
0.0998924
0.111869
0.457662
0.149865
-0.0181803
0.225589
-0.0730383
0.243261
0.141443
0.0835972
0.0561917
0.0271352
-0.0172332
0.604401
-1.09875
0.0554924
0.124877
0.126345
0.0210228
-0.0573494
-0.255398
0.264998
-4.73489
1.08155
-0.0429435
-1.04378
-0.476243
0.344644
-0.342426
0.84176
0.0658957
-0.29674
0.452335
-0.546807
0.0133398
2.15954
-0.536845
-0.605861
-0.186502
-0.115942
-0.00839552
2.47461
2.16598
0.054696
2.0923
0.0679326
-0.002282
0.00649622
-1.52365
0
0.470818
1.69827
0.719199
1.78566
-0.0824828
0.857796
1.45382
2.2215
1.16769
-0.289959
0.188095
0.369116
-1.51145
-0.981094
-0.41521
-1.10581
-1.54331
-4.54058
-0.0513875
0.214929
0.114658
0.75437
0.105486
0.707172
0.016587
0.311682
-0.00162588
-0.121345
-0.221313
-0.380425
0.0977689
-0.116841
0.216683
0.177851
-0.00799334
0.0140083
0.711058
-0.0292251
0.45388
-0.0928259
-0.0187082
0.064374
-0.255133
-0.0715775
-0.200388
-0.0241889
0.200219
-0.0850179
-0.185012
-0.0476971
-0.0750883
-0.123288
0.0442484
1.17626
0.583947
3.05967
-1.02146
-2.56254
0.873618
2.28052
2.47669
3.13465
2.48809
4.21497
-0.987107
3.17454
-0.720336
-0.101343
0.363086
0.126653
0.0498203
3.3263
0.000738886
-0.000105913
-0.00922205
-0.0255053
-0.00623506
-0.010297
-0.00796365


