
66

2.28783
-1.63074
-6.20882e-10
6664.14
-7.24266
-0.00379354
0.206516
6674.48
4.67379
0.911462
3.71443
-3.37642
2.30894
-3.71443
3.54243
0.0262605
0.738516
6.69388
5.51861
0.27387
1.35704e-09
-4.47035e-09
15.3797
-12.1325
0
-0.108653
-2.15412
-0.376396
4.54747e-10
-0.0700199
-0.571429
0.571429
4.69976
1.63668
-1.7919
2.46134
-0.621443
2.4
0.211802
0
-2.15193
-5.66861
-3.28361
-1.7552
5.77171
0
-5.66861
-3.28361
-4.26337
4.26337
-1.14611
-0.965844
3.14591
0.104912
3.71414
-3.71414
-2.83391
3.48072
-2.83088
5.82815
-4.9755
-3.00592
-3.63074
0.187875
2.20408
-3.00592


