
66

2.28783
-1.63074
2.92649
3.10441e-10
-8.17332
0.000282387
-0.885301
2.78259
-0.347919
-3.90743
3.71443
-3.42389
2.30894
-3.71443
3.54243
0.0262605
0.738516
2.38508
5.51861
0.27387
1.35704e-09
-4.47035e-09
15.3797
-12.1325
0
-0.108653
-2.15412
-0.376396
4.54747e-10
-0.0700199
-0.571429
0.571429
4.69976
1.63668
-1.7919
2.46134
-0.621443
2.4
0.211802
0
-2.15193
-5.66861
-3.28361
-6.57409
5.77171
0
-5.66861
-3.28361
-2.78286
2.78286
-1.14262
-1.90169
0.993749
-1.96033
3.71414
-3.71414
-2.83391
3.43325
-2.83088
5.82815
-5.07094
-3.00592
-3.63074
0.187875
0.049683
-3.00592


