
717

0
2.04266
-2.60512
0.296047
16.3432
0.700623
-20.2917
-22.1977
-30.9211
-24.9272
1.56317
-5.84606
0.309582
3.49114
8.22263
0.823835
0.0706853
4.92611
1.64403
-0.166438
0.388521
0.728221
2.69887
-1.13387
-0.0850545
-1.84891
0.451394
-0.716786
2.88197
-0.258397
-0.0317994
0.110161
0.0886458
-0.359985
10.1553
5.66149
-1.30879
11.0841
5.70961
-13.8175
4.78911
6.92417
-0.924145
-0.138792
-2.59182
2.28801
-3.3162
5.96609
-0.625438
-0.617377
1.63501
1.27141
-0.527073
7.56806
1.11939
-0.908016
1.82969
0.952539
-0.73612
3.57021
3.19311e-09
0
2.80858
-1.09641
-1.74271
-0.0469935
-2.03384
-10.1279
-1.6872
-12.966
28.6066
-8.78104e-09
-4.04699
-1.18985
-2.33271
0.642546
1.04478
-0.557375
-7.10616
0.285369
-0.124838
-0.0507066
-14.3653
-3.70117
2.46694
0.392902
1.43125
4.80818
-3.87643
10.3753
3.28141
14.7541
12.5864
-5.07882
6.41995
-0.560543
10.3756
-2.21817
4.35096
-6.59592
-25.0496
-42.5097
-4.37568
8.0523
1.45564
4.43976
-2.81532
2.81532
-2.90062
3.59147
4.31859
-1.21024
1.56831
1.70203
1.98571
-0.244044
-2.5
-6.18798
-11.3369
-6.3792
0.620416
-0.835218
2.27264
-3.54839
-8.65382
-16.4032
-4.43373
1.9
20.008
-26.7575
6.44748
-4.00789
-5.26518
7.12636
0.866594
0.9
3.16323
-1.5
-0.749405
-2.96879
2.86162
4.32373
1.1547
-8.36875
9.70928
-5.36824
0.544535
0.299703
14.5379
0.783766
0.186698
-0.467886
0.502683
1.60041
1.25074
-3.88624
-1.26714
-1.00911
-4.98815
-2.23175
1.36189
-6.14238
5.31601
5.36955
-5.50749
5.53443
3.32423
2.44253
-2.47324
3.62982
4.7242
3.19087
-4.5142
8.86302
1.55537
-2.78908
1.24326
3.72584
2.08094
1.1704
-11.9878
-6.84892
0.15984
4.12536
3.39348
5.82788
5.92559
0.642381
0.543361
4.95926
0.0494881
2.15403
-2.02891
-1.32772
-0.98921
2.32325
-1.53097
-0.388115
-2.74338
3.25288
-0.175695
2.55078
1.08804
-1.21194
4.1863
-0.11075
-16.7089
10.5912
-3.17421
-0.278273
-3.05096
3.05625
1.93455
-1.93862e-09
11.6968
2.5939
4.52642
-8.08733
8.7869
6.21288
5.32184e-10
-11.9241
4.78331
-1.16704
-7.75115
-1.73346
1.29198
-3.01714
1.27098
-6.7982
9.66405
-1.33046e-09
6.99455
8.28937
1.46676
6.97389
-0.686187
-1.04457
-10.2282
-8.09709
-6.59746
9.11237
0.000649183
0.03639
0.170242
5.08284
0.0018388
4.58742
-1.75757
-5.25985
5.6573
10.2193
12.3923
4.64177
-0.672884
29.5442
2.92817
0.178544
1.19254
2.7902
-6.84761
5.58903
5.46474
3.54123
3.78951
4.55602
-19.3401
-38.2731
-0.0643593
8.06746
0.11195
-2.13446
-8.77413
-7.86652
-1.05829
-5.37259
-5.37092
1.82698
0.411581
-0.236979
1.86265e-10
1.90539
19.8384
3.64313
2.04891e-09
9.49057
9.29167
-1.49012e-09
15.2431
-1.30385e-09
9.68626
6.2717
1.82831
5.84313
3.56667
6.31431
15.004
8.64313
6.55901e-09
19.4619
1.5715
-0.573405
6.32526
-0.949755
3.45491
-8.91731
-0.991071
-9.59635
2.46872
0.0663447
1.34463
-0.437008
1.3754
-0.875704
6.39886
-4.05346
1.41243
2.24467
-4.70002
11.7962
3.75464
10.2887
3.68746
0.601328
0.534357
5.88824
4.61756
-1.29465
1.31089
-0.26386
-11.2326
14.2097
-0.322706
-21.5874
1.391
-4.28371
-2.66906
-6.94083
-3.67776
-3.16199
-9.92986
-11.5728
1.1846
0.667735
5.68994
0.435527
0.033981
-12.1047
-4.50416
-18.0793
-0.720162
1.4317
2.15539
-3.3657
-5.24408
4.60798
6.74251
16.5117
8.00154
1.02542
-6.62728
3.94137
6.95954
15.2447
3.47622
-5.91275
3.79775
4.17011
0.40367
13.5329
8.33994
0.363992
0
-2.332
-0.621918
-5.45423
-3.40279
1.31904
0
-0.621918
-5.45423
-0.376941
-18.9957
-1.19361
-15.7827
-14.0494
-15.0815
1.20004
-19.625
5.35123
-25.187
-0.539799
1.33046e-09
-3.49935
-14.3288
-15.6063
-27.0776
8.57404
-20.58
-18.9377
-13.496
-9.13985
4.78966e-09
-17.9081
-22.1717
-19.3822
-0.221459
-8.92134
-2.05311
-2.53955
10.337
-2.6933
-0.00520356
13.1579
10.9204
-5.33903
-6.09715
-0.853848
10.0572
-4.03115
-4.82743
11.4872
7.60465
-5.50857
-2.47665
4.46486
-0.268004
0.0504153
-0.0631793
1.76862
5.42285
-22.0889
-6.26345
6.32302
-3.96016
1.51465
-0.541945
0.410373
-6.31245
-5.8983
0.37919
2.85971
4.82
-2.91929
-4.70623
0
-0.183384
-1.92116
1.55109
-0.601194
3.6642
-2.89393
-0.477442
-2.81172
0.140433
1.77985
2.5611
0.917291
0.0469935
-2.60531
0.121071
-6.57772
4.04699
1.18985
2.33271
-4.50031
-10.3838
0.0140537
-12.2861
-6.41055
-3.47928
-8.00792
-1.69046
8.44058
-16.008
-26.9367
-32.2288
-9.41546
-6.10449
-9.32138
1.31482
2.90449
4.3475
6.87507
3.35499
10.5199
10.8646
2.31773
2.00544
4.25542
2.64656
0.605203
0.413049
0.16653
-0.895627
0.183776
2.38359
2.98189
4.74827
3.67081
-3.84595
-3.18468
3.18468
1.46145
5.87718
-5.54449
-2.15
-4.60512
-1.72041
-0.358704
3.57143
5.16002
-10.1956
-5.97029
-2.82798
1.37826
-6.36261
-22.576
-1.47675
-2.71429
33.4401
-25.9393
4.92497
-10.5827
8.18051
8.38085
-1.28571
4.23318
2.14286
5.50085
-3.38399
6.65945
5.0339
-8.06472
-0.526784
1.29897
-4.81178
-0.936379
-1.28614
8.76845
-0.594619
-7.52555
-0.424738
14.8577
5.78677
5.30537
-8.66734
7.70128
-17.4116
-6.04535
9.37413
-1.34626
-8.97712
-4.32922
-7.29642
-1.73302
-0.878792
-2.73071
1.23622
-1.02005
-1.2788
-0.916893
0.424513
0.475147
-0.927038
0.00312037
-0.101926
-1.22119
-2.49116
-0.922744
-0.530097
-7.08222
1.81459
1.4171
-0.878469
-1.08758
2.80797
-0.478403
7.16549
3.95443
3.94467
21.9317
-5.20447
3.72045
14.8649
-2.91881
-5.32184e-10
-7.16367
-10.0828
-8.34733
-8.17085
-4.81708
-4.40317
-12.3473
15.8028
3.95929
-1.39058
-1.24963
0.917613
-7.64251
4.09817
-5.61951
-3.22195
-6.91001
2.20311
4.20694
3.31396
2.15615
3.37498
3.84133
5.99891
1.39999
9.11107
3.1299
8.48213
7.37181
6.61846
2.6674
8.5395
1.20502
1.07525
0
-2.15
-1.45127
-1.02783
13.3915
12.4255
-2.90794e-09
3.27207
-0.391882
1.32113
1.13624
5.25326
3.4122
-7.26984e-10
-5.49277e-09
9.39386
3.87725e-09
3.388
-0.4393
0.392329
-8.28603
3.23104e-09
-11.1357
0.344212
-22.3323
-17.6525
7.72817
-7.88958
-29.6963
-3.15572
-20.4053
-6.09866
-3.62976
-11.9457
-3.45056
-0.760379
-10.7287
12.0508
8.04854
3.16708
0.822811
0.637628
-0.412747
0.981227
1.47312
-1.31201
2.72643
0.946196
-0.913845
-3.24988
1.99221
-0.702465
-1.55442
2.75563
-0.94965
-1.80364
-1.08636
1.58368
-1.66568
-0.456094
6.68285
-0.019166
-2.76002
0.152798
1.32216
11.6769
9.84516
-1.39069
-3.7146
0.68721
-1.0901
-0.68721
21.3372
14.3765
-14.966
-0.736449
-0.609668
-6.06577
-7.26179
0.690493
-13.6278
7.72535
-2.16331
3.41859
-0.845956
3.01607
2.73394
4.73219
3.05734
1.85374
0.431048
-0.856138
1.22842
1.93844
1.2343
2.21303


