
717

0
2.04266
2854.54
-5712.33
-3048.32
-5699.97
-5732.26
-5735.65
-5745.9
-5738.15
-5704.53
-5715.38
-3495.28
-5691.1
-5696.6
-5702.03
-5703.57
-5702.8
-26.4103
-1.61552e-10
0.440732
0.587399
2.32619
-0.398276
0.26393
-1.84891
0.403626
-0.716786
-189.691
-0.145663
-0.0280786
-0.0101981
0.137063
-0.546631
11.1769
-91.0264
-7.91748e-10
11.0755
6.47686
-13.9345
3.86302
5.9681
-0.324607
0.43068
-2.59182
2.04588
-3.3162
-394.349
-0.352571
-0.54514
-0.151362
1.96585
-0.800353
9.65409
1.11939
-0.908016
1.82969
0.952539
-0.73612
2.41153
0
0
1.4463
-3.28416
-2.8869
-1.27014
-3.0419
-13.4456
-2.90984
-20.8887
26.3422
7.71667e-09
-5.17917
-2.32203
-3.46489
0.633263
1.67365
-0.790969
-6.97278
0.266956
-0.133194
-0.0841404
-14.3653
-3.70117
2.4068
0.338845
1.41058
9.9119
-5.50108
12.1447
3.06968
14.7473
13.2884
-5.41877
6.5075
-0.930141
8.5933
-2.09598
3.17891
-6.59592
-25.0496
-42.5097
-4.37568
7.85601
1.25537
4.43976
-2.81532
2.81532
-2.90062
3.59147
4.31859
-1.21024
1.56831
1.70203
1.98571
362.882
-2.5
-4.95886
156.358
-0.163306
5.85863
-0.835218
17.8632
-3.54839
-7.70386
-16.4032
-1.48158
1.9
20.2325
-23.2835
6.44748
-0.449289
-0.720764
10.5968
-0.255886
0.9
4.80464
-1.5
0.98743
-2.95519
2.86162
-68.1395
1.1547
-8.85119
-368.646
-5.561
0.498019
0.299703
12.0832
0.783766
0.123638
-0.467886
0.644068
1.60041
1.23981
-3.53209
-1.26714
-1.42452
-4.97383
-2.16514
1.36189
-5.99068
5.31601
5.37805
-5.50749
-441.851
3.32423
0.92338
-568.088
1.53614
4.32065
3.19087
-7.27846
8.86302
1.03002
-2.78908
1.59293
3.72584
2.06275
1.70368
-11.7727
-7.04602
0.172179
4.30801
3.39348
6.76448
5.92559
0.642381
0.543361
4.95926
0.0494881
2.15403
-2.02891
-1.32772
-0.98921
2.32325
-1.53097
-0.388115
-2.74338
3.25288
-0.175695
2.55078
1.08804
0.395521
4.1863
0.202881
-16.7089
10.7006
-2.32006
-0.278273
-3.05096
4.20879
2.56027
6.46208e-10
12.8903
2.71906
7.57625
-7.33664
8.7869
6.21288
5.32184e-10
-11.4479
4.78331
-1.16704
-7.2923
-1.73346
1.24802
-2.82057
21.2907
-6.7982
47.0494
-1.33046e-09
14.7864
8.28937
1.46676
6.97389
-0.686187
-1.04146
-10.2238
-8.09954
-6.59536
9.11237
0.000649183
0.0462321
0.170242
5.08284
0.0018388
4.58742
-1.54979
-5.25985
7.11848
10.2193
12.438
5.98563
-0.672884
29.5442
3.5179
-0.39395
0.291893
4.12534
-5.72612
6.21597
5.01859
4.11574
3.78951
4.55602
-19.3401
-38.3202
-0.0643593
7.04636
0.11195
-2.71176
-8.7353
-11.9811
-1.05829
-3.26969
-5.37092
5.8537
0.411581
-0.236979
1.86265e-10
1.90539
19.8384
5.23674
2.04891e-09
10.8784
9.18193
-1.49012e-09
21.9124
-1.30385e-09
12.8735
6.9258
1.82831
7.43674
5.0505
6.92242
16.0443
10.2367
6.55901e-09
19.4619
1.44072
-0.573405
6.22307
-0.949755
4.00955
-8.91731
-0.628939
-9.59635
2.51409
0.0924341
1.27918
-0.437008
1.3754
-0.875704
5.86636
-4.05346
1.18748
2.29412
-4.70002
15.0562
3.75464
14.6477
3.80391
0.601328
0.744486
6.665
4.39279
-1.29465
1.31089
-0.26386
-11.2326
14.2097
-0.310728
-21.5874
1.391
-3.90529
-2.65877
-6.81169
-3.67394
-3.16199
-9.95305
-11.5493
1.1846
0.667735
5.72578
0.435527
0.033981
-12.3912
-5.0787
-18.8662
-0.720162
1.4317
2.15539
-3.33668
-5.24408
4.60798
7.69495
16.5675
9.04309
1.06503
-6.62728
3.65895
7.32861
15.2447
3.47622
-5.72235
3.79775
4.17011
0.40367
13.5329
4.12503
-1.84649
0
-2.332
-0.621918
-5.45423
-3.40279
1.31904
0
-0.621918
-5.45423
-0.26884
-17.5418
-1.19361
-15.2702
-14.7037
-13.5651
3.74739
-13.7851
5.92053
-19.9122
-0.539799
1.33046e-09
-2.70773
-14.0805
-15.3541
-26.8584
8.57404
-19.9787
-18.907
-2.15195
5.06669
-7.98276e-10
-7.7378
-17.54
-13.7515
1.65152
3.19311e-09
-2.05383
-2.54012
10.339
-2.67962
0.0304376
13.1805
10.9204
-5.34041
-6.10404
-0.905466
9.73225
-3.977
-4.8524
11.4882
8.4565
-5.6161
-3.40175
4.84992
-0.218222
-1.26558
0.369558
0.517354
5.42285
-22.0889
-6.32551
5.94239
-3.96016
1.0673
-0.461166
0.898353
-1.70709
-7.85104
3.60032
6.19634
4.82
-1.33646
-4.98576
0
-0.183384
-1.92116
1.55109
-0.601194
4.76987
-4.2059
1.78692
-1.90964
0.21704
2.90002
3.76668
2.17359
1.08821
-3.65865
1.16279
-6.57772
5.17917
2.32203
3.46489
-4.50959
-9.75492
-0.21954
-12.3045
-6.41891
-3.51271
-8.29415
-1.66771
7.88012
-16.008
-26.9367
-32.2288
-9.41546
-6.16463
-9.37544
1.31069
3.92524
3.53517
7.22893
3.24913
10.5165
11.2156
2.14776
1.82064
4.27293
2.29009
0.666297
0.178639
0.16653
-0.895627
0.183776
2.38359
2.94263
4.70822
3.67081
-3.84595
-3.18468
3.18468
1.46145
5.87718
-5.54449
-2.15
-4.60512
-1.72041
-0.358704
3.57143
6.91592
229.369
2.90956
4.65518
1.37826
-5.00551
-22.576
2.7406
-2.71429
33.7607
-20.9764
4.92497
-5.49898
13.1383
6.77731
-1.28571
6.57806
2.14286
7.98204
-3.36455
6.65945
-98.4851
-8.06472
-1.21599
-539.208
-5.08715
-1.00283
-1.28614
5.26167
-0.594619
-7.52555
-0.22276
14.8577
5.77115
5.8113
-8.66734
7.10783
-17.3912
-5.9502
9.37413
-1.12954
-8.97712
-4.31707
-7.29642
-129.557
-0.878792
-3.16475
-160.368
-1.61824
-1.3941
-0.916893
-0.365275
0.475147
-1.07714
0.00312037
-0.00202026
-1.22119
-2.49636
-0.770377
-0.530097
-7.02078
1.75828
1.42062
-0.826284
-1.08758
3.07556
-0.478403
7.19283
3.89775
3.94467
17.3785
-7.48106
1.14985
10.1549
2.05556
0
-10.7824
-14.636
-10.6239
-10.6043
-8.50151
-7.47025
-14.6239
15.8028
3.77245
-1.39058
-1.39561
0.942809
-7.64251
4.16298
-5.58224
-3.31546
-6.91001
2.20311
4.20694
3.16182
2.15615
3.31071
3.85546
6.93034
1.39999
10.3565
3.1299
8.5154
7.37181
6.74005
2.81749
8.76143
1.1408
1.07525
0
-2.15
-1.45127
-1.02783
18.612
12.4255
-2.90794e-09
1.13715
-0.279496
1.0484
2.91483
5.25326
4.91098
-0.506102
-5.49277e-09
6.38239
3.87725e-09
3.07355
-0.4393
0.392329
-5.88154
3.23104e-09
-4.16712
9.05919
-22.3323
-17.6525
7.72817
-7.87247
-29.6963
-3.15572
-19.8647
-6.08396
-3.44527
-11.9457
-3.45056
-0.760379
-10.6775
12.0508
8.04854
3.16708
0.822811
0.637628
-0.412747
0.98952
1.47312
-1.31201
2.99856
0.962152
-0.61626
-3.23856
1.99221
-0.783158
-1.44897
2.75563
-0.94965
-1.74924
-1.08636
1.69768
-1.66568
-0.456094
5.51982
-0.019166
-3.96428
-0.289299
0.303369
14.3827
9.13518
-0.677523
-3.02492
1.18928
-0.303369
-1.40089
20.3258
14.0293
-16.2006
-1.67336
-0.64949
-4.26456
-7.20047
0.776541
-13.5728
7.77229
-2.60965
3.45554
-0.901212
4.16319
2.6953
5.0001
3.22811
1.82077
0.478083
-0.860278
1.25051
1.75054
1.25426
2.16323


