
122

11.066
-3.57563
0.399236
-2.97874
-0.7928
-4.25984
0
-3.70197
-0.0200925
-2.86772
0.0369306
-4.60208
-0.112558
-3.61745
0.598459
-3.72303
-0.471808
-4.107
-0.0387221
-3.96487
-0.733239
-5.70412
0.153542
-4.30761
1.39818
0.799153
0.417192
-3.38752
-0.6805
-8.28133
-0.246886
-3.63061
1.57302
0.907903
2.29378
4.3735
-0.787566
0.228109
0.260423
-1.40825
-0.297606
0.404839
-3.50288
1.25402
2.3217
-0.856923
-0.034617
1.30549
0
0.610113
-0.504798
-0.441174
0.0507467
0.0833852
-0.615887
1.2786
0.167446
-1.92792
0.972121
-3.93323
-0.366306
-7.95864
0.316819
-5.58893
0.452233
-3.50218
0.095508
-2.18158
-0.283966
-3.57869
0
-3.89797
-0.666978
-3.24017
0.0433718
-2.34251
-0.0951316
-2.03708
0.0726931
-2.17719
0.754163
-2.08931
0.483848
-1.54216
-0.0452383
-2.29951
-2.81005
-5.04394
-3.03264
-2.58858
-4.79321e-07
-3.54915
0
7.10543e-11
0
0
0
0
0
3.55271e-11
0
-1.77636e-11
0
0
0
-7.10543e-11
0
3.55271e-11
0
7.10543e-11
0
-7.10543e-11
0
0
0
-7.10543e-11
0
0
0
-1.42109e-10
4.79165e-07
-3.52546


