
122

188607
0.192838
78817
-15970.7
40665.1
-8483.38
22871.9
-5088.65
12547.6
-3111.26
5929.13
38134.9
1303.21
-997.006
0
39251.3
-3153.79
-150.075
-4728.45
150.971
-6831.16
541.261
-8520.67
860.63
-9885.91
1121.51
-12065.9
1528.21
-13635.2
1814.35
0
-2.81447
1.89017
1.72411
2.7629
5.18967
-0.160251
1.04431
1.24613
-0.592058
2.20518
1.22145
-4.98058
0.437415
1.23198
-1.67353
-0.6468
0.489197
-0.417903
-0.206105
-0.816604
-1.25752
-0.195294
-0.732875
-0.816274
0.462304
9.31323e-10
-2.74421
0.819141
-4.74948
2968.67
292.925
2821.3
284.124
2520.33
265.403
2169.35
243.341
1764.23
212.783
1281.07
181.078
704.081
141.323
0
91.8893
-285.036
73.0895
-1266.07
6.67478
-2015.45
-43.0817
-3556.8
-150.525
-5714.21
-300.222
-8879.28
-522.714
-25208.8
-1649.34
-4.79321e-07
-3.54915
0
7.10543e-11
0
0
0
0
0
3.55271e-11
0
-1.77636e-11
0
0
0
-7.10543e-11
0
3.55271e-11
0
7.10543e-11
0
-7.10543e-11
0
0
0
-7.10543e-11
0
0
0
-1.42109e-10
4.79165e-07
-3.52546


