66 2

-0.45782678 0.88904141 
-0.45782678 0.88904141 
-0.60339728 0.79744073 
-0.60339728 0.79744073 
-0.93291295 0.36010197 
-0.93291295 0.36010197 
-0.98422447 0.17692426 
-0.98422447 0.17692426 
-0.98906685 -0.14746785 
-0.98906685 -0.14746785 
-0.93973337 -0.34190816 
-0.93973337 -0.34190816 
-0.90985270 -0.41493140 
-0.90985270 -0.41493140 
-0.52200648 -0.85294152 
-0.52200648 -0.85294152 
-0.97808467 0.20820752 
-0.97808467 0.20820752 
-0.99977316 0.02129869 
-0.99977316 0.02129869 
-0.97989729 -0.19950264 
-0.97989729 -0.19950264 
-0.45782678 0.88904141 
-0.45782678 0.88904141 
-0.60339728 0.79744073 
-0.60339728 0.79744073 
-0.93291295 0.36010197 
-0.93291295 0.36010197 
-0.98422447 0.17692426 
-0.98422447 0.17692426 
-0.98906685 -0.14746785 
-0.98906685 -0.14746785 
-0.93973337 -0.34190816 
-0.93973337 -0.34190816 
-0.90985270 -0.41493140 
-0.90985270 -0.41493140 
-0.52200648 -0.85294152 
-0.52200648 -0.85294152 
-0.97808467 0.20820752 
-0.97808467 0.20820752 
-0.99977316 0.02129869 
-0.99977316 0.02129869 
-0.97989729 -0.19950264 
-0.97989729 -0.19950264 
0.00393540 -0.00346615 
0.00393540 -0.00346615 
-0.00118664 -0.02010348 
-0.00118664 -0.02010348 
0.00429960 0.00887338 
0.00429960 0.00887338 
0.00410598 0.01578467 
0.00410598 0.01578467 
0.00586464 -0.00309714 
0.00586464 -0.00309714 
-0.03372241 0.02095487 
-0.03372241 0.02095487 
0.01818273 0.00542683 
0.01818273 0.00542683 
0.01095628 -0.00318476 
0.01095628 -0.00318476 
0.00204856 0.00080203 
0.00204856 0.00080203 
-0.02227119 -0.02136116 
-0.02227119 -0.02136116 
0.00778707 -0.00062909 
0.00778707 -0.00062909 

