66

0.00000000005
0.00119716806
0.00499012746
0.00319063298
-0.00268969768
-0.00268704567
-0.00234332984
-0.00282782503
-0.00445680478
-0.00241114843
-0.00415940873
-0.00620995059
-0.00496921170
-0.00306818089
-0.00160493303
-0.00149947168
0.98756598011
0.98614875007
-0.99508822971
-0.99331052901
-0.99469024526
-0.99578100781
-0.99441597694
-0.99389911545
-0.99515046247
-0.99653508625
-1.00284263099
-1.00273391562
0.93410174228
0.93337919263
0.91900624239
0.92065733623
0.94699230855
0.94517878736
0.94719370606
0.94948375997
0.98597036481
0.98450483205
0.98729071799
0.98610915763
-0.99499275196
-0.99335093940
0.98959709611
0.98839380073
-0.00000000002
-0.00047000002
-0.00504721285
-0.00502721285
0.00184330528
0.00193330528
0.00296992354
0.00274992354
0.00130105441
0.00185105441
-0.00011329243
0.00029670757
0.00475307641
0.00518307641
0.00005772184
-0.00042227816
0.00129105473
0.00227105473
-0.00643719526
-0.00722719526
0.00107156435
0.00024156435

