66

0.00000000005
0.00119716806
0.00499012746
0.00319063298
-0.00268969768
-0.00268704567
-0.00234332984
-0.00282782503
-0.00445680478
-0.00241114843
-0.00415940873
-0.00620995059
-0.00496921170
-0.00306818089
-0.00160493303
-0.00149947168
-0.00302717004
-0.00444347578
-0.00412609809
-0.00234860810
-0.00259559830
-0.00368634114
0.00059910902
0.00111656575
0.00159761865
0.00021331131
-0.00300026125
-0.00289143434
-0.00211708175
-0.00284316418
-0.00415217990
-0.00249782526
-0.00420700862
-0.00601791233
-0.00512396769
-0.00283156537
0.98597036481
0.98450483205
0.98729071799
0.98610915763
-0.99499275196
-0.99335093940
0.98959709611
0.98839380073
-0.00000000002
-0.00047000002
-0.00504721285
-0.00502721285
0.00184330528
0.00193330528
0.00296992354
0.00274992354
0.00130105441
0.00185105441
-0.00011329243
0.00029670757
0.00475307641
0.00518307641
0.00005772184
-0.00042227816
0.00129105473
0.00227105473
-0.00643719526
-0.00722719526
0.00107156435
0.00024156435

